{
 "cells": [
  {
   "cell_type": "markdown",
   "metadata": {},
   "source": [
    "## When using the command prompt, anything in your path or working directory can be run either as a script, function or class (to define objects)"
   ]
  },
  {
   "cell_type": "markdown",
   "metadata": {},
   "source": [
    "Questions from last class:\n",
    "- I downloaded GitHub to my desktop but I cannot sign into my UConn account like I can online. \n",
    "- I checked my grades on HuskyCt recently and I received a 0 / 100 for Homework 1.\n",
    "- It is very hard to tell if what I'm doing on github is right or wrong.\n",
    "- How often will be using our laptops during the lecture?\n",
    "- How many frogs would it take to move a car that is stuck in the snow? And what would be the approximate cost to do so\n",
    "\n",
    "$m_{frog}$=22.7 g (https://en.wikipedia.org/wiki/Common_frog)\n",
    "\n",
    "$v_{frog}$=17 kph = 4.72 m/s (http://purelyfacts.com/question/14/is-a-toad-faster-than-a-frog?DDA=113&DDB=40)\n",
    "\n",
    "$m_{car}$=1000 kg (reasonable guess)\n",
    "\n",
    "conservation of momentum:\n",
    "\n",
    "$mv_{1} +mv_{2} = mv_{1}'+mv_{2}' = m_{total}v_{2}'$"
   ]
  },
  {
   "cell_type": "code",
   "execution_count": 67,
   "metadata": {
    "collapsed": false
   },
   "outputs": [
    {
     "name": "stdout",
     "output_type": "stream",
     "text": [
      "number_of_frogs =\n",
      "\n",
      "        5221\n"
     ]
    }
   ],
   "source": [
    "number_of_frogs = 1;\n",
    "v2=0;\n",
    "while v2 < 0.5 % 0.5 m/s\n",
    "    m_frogs=number_of_frogs*22.7e-3;\n",
    "    number_of_frogs=number_of_frogs+1;\n",
    "    p1=(m_frogs)*4.72; % momentum 1\n",
    "    v2=p1/(m_frogs+1000); % p2=p1, so v2=p1/m_total\n",
    "end\n",
    "number_of_frogs\n",
    "    "
   ]
  },
  {
   "cell_type": "code",
   "execution_count": 70,
   "metadata": {
    "collapsed": false
   },
   "outputs": [
    {
     "name": "stdout",
     "output_type": "stream",
     "text": [
      "That seems better\n"
     ]
    }
   ],
   "source": [
    "if 1==2\n",
    "    fprintf('I dont think so')\n",
    "elseif 1==1\n",
    "    fprintf('That seems better')\n",
    "end"
   ]
  },
  {
   "cell_type": "code",
   "execution_count": 2,
   "metadata": {
    "collapsed": true
   },
   "outputs": [],
   "source": [
    "%myscript"
   ]
  },
  {
   "cell_type": "code",
   "execution_count": 3,
   "metadata": {
    "collapsed": true
   },
   "outputs": [],
   "source": [
    "%plot --format svg"
   ]
  },
  {
   "cell_type": "markdown",
   "metadata": {},
   "source": [
    "When using the GUI, your command history is saved, but it is better to save your work either as a script or a function or combination of both\n",
    "\n",
    "Creating a default graph script: `setdefaults.m`\n",
    "\n",
    "```matlab\n",
    "set(0, 'defaultAxesFontSize', 16)\n",
    "set(0,'defaultTextFontSize',14)\n",
    "set(0,'defaultLineLineWidth',3)\n",
    "```"
   ]
  },
  {
   "cell_type": "code",
   "execution_count": 71,
   "metadata": {
    "collapsed": true
   },
   "outputs": [],
   "source": [
    "set(0, 'defaultAxesFontSize', 16)\n",
    "set(0,'defaultTextFontSize',14)\n",
    "set(0,'defaultLineLineWidth',3)"
   ]
  },
  {
   "cell_type": "code",
   "execution_count": 72,
   "metadata": {
    "collapsed": false
   },
   "outputs": [
    {
     "data": {
      "image/png": "iVBORw0KGgoAAAANSUhEUgAAAjAAAAGkCAIAAACgjIjwAAAACXBIWXMAABcSAAAXEgFnn9JSAAAA\nB3RJTUUH4QEaDxU0DlWpUAAAACR0RVh0U29mdHdhcmUATUFUTEFCLCBUaGUgTWF0aFdvcmtzLCBJ\nbmMuPFjdGAAAACJ0RVh0Q3JlYXRpb24gVGltZQAyNi1KYW4tMjAxNyAxMDoyMTo1MlKFamEAACAA\nSURBVHic7d15XBTnwQfwx93lcpUgh8ry4eXwABUKEjHUxANMTEo0KsaPRpPq2horYjTWRCPGqFUT\nE5LUqBhrRDySagwV4xExiloNVU7jgScBSmFBOSzIuezy/vHY6XbZnd3Zc3b39/3rYWae2YeU7s95\n5jl6dHV1EQAAAGsTWLsBAAAAhCCQAACAJxBIAADACwgkAADgBQQSAADwAgIJAAB4AYEEAAC8gEAC\nAABeQCABAAAvIJAAAIAXEEgAAMALCCQAAOAFBBIAAPACAgkAAHgBgQQAALyAQAIAAF5AIAEAAC+I\njKksl8ubmprkcrlCoXBycnJycnJ3dxcIzBtyCoVCqVQSQgQCgVAo1L+iUqm8fPlyTU1NdXW1RCLx\n8fGJiYnRv7VGVgcAAHacA6miouKLL74oKCioq6tra2vrfoFYLO7bt+9vfvObmTNn9uvXz/gmyuXy\nnJyc+/fvX7t27erVq9XV1fT4lClTNm/erOdNDhw4kJqaWldXp3rQ29t70aJFs2bNMnd1AADQqUdX\nV5c+11VVVb377ruFhYUKhUL/u7u5ucXHxy9btszb29uw9p0+fXrx4sUaT+kfSEuWLDl16pS2s5Mm\nTUpJSTFfdQAA0IfuHqczZ86MGjUqNjY2Ly+PUxoRQlpbWzMyMp599tm4uLhffvnFgPZ1dnaqHeHU\nTUcI2bZtGxMnc+fOzczMvHr1amZm5htvvEEPHjt2LDU11UzVAQBAT2xPSGfOnFm5cmVTU5PacXd3\ndx8fnxEjRkyfPl0sFguFQoFAoFAoOjs7m5qatm3bVl5eXltb29raqlZRIpHs27fP399f//adPHly\n8+bNkZGRYWFhAwcOjImJ2bhx4+HDh4l+T0hlZWXx8fE0Rzdt2jRt2jTVs4cOHVqzZg0hRCgUZmVl\ndW+YkdUBAEB/mt8h1dTUvPrqqw8ePGCOCIXC4ODgzz//3M/Pr2fPnix33L17Ny3U19dfvXp106ZN\nFRUV9EhVVdXzzz//3HPPffnll05OTvq0Lz4+Pj4+Xq9fRZO0tDQaJzExMWpxQgiZMWPG8ePHc3Nz\nFQrFvn37kpOTTVsdAAD0p6HLrr29fcyYMUwa+fn5ffvtt8XFxcePHx80aBB7Gqny9PSMi4s7c+bM\njRs3PvroIy8vL3r80qVLo0ePNknr2SmVyuPHj9PyvHnzNF4jlUpp4ciRI3TwnqmqAwAAJ2zvkEaN\nGvXTTz9lZ2dHREQY8xlOTk5Tp07Nycn54Ycf/Pz8jLkVJ/n5+c3NzYQQkUikLQLHjh0rEokIIU1N\nTdevXzdhdQAA4ERzIEVGRl65cmXPnj0Gj47TKDg4ODs7+/jx46a9rTa3b9+mhbCwMG0ThoRCYXh4\nuNr1JqkOAACcaPiedXFxOXTokIeHh5k+ctCgQUxXmFndvHmTFtgfyyQSCS2oPeIYWR0AADix54UG\nmPGB7u7uLJcxZ9XGExpZHQAAOLHnQJLL5bQQEBDAcllQUBAtdHR0mLA6AAB/pOfJrN0E3ew5kJhJ\ntb1792a5TCwW04LaMDkjqwMA8ER6nkx68FZsamFZvYb13vjDqMVVwTAhISHWbgIAOAq5m1fp+A2E\nkPMlj4I25rhX/OPnL/8Y6Olq7XZpYM+BRAdkE11vd5izakPpjKzO7s6dO/pfDKAqJCQEfz+gv9jU\nwtKSR8yPjf6/lh4s3jNzKA8zycBAkslkdM3v5ubm9vb27ivOqREIBIWFhYZ9lsGYxSDKy8tZLmPO\nOjs7m7A6AIDVpefJzqukEXW+5FFZQ6s9BFJNTU1CQkJtbS2nWlxXRDUJ5t1PY2Mjy2XMWbV3RUZW\nBwCwrrL6NunBW92Pn0scPm5AH8u3RydugxqKiorGjBnDNY2sZdiwYbTALKanUWVlJS0wU1xNUh0A\nwLqkB4u7H3Sv+Ac/04hwfUKaPXv2f2uKRMHBwVOmTImKimJet/BKaGgoLRQXFysUCo1PaQqF4saN\nG2rXm6Q6gJngBRLoQ2NnHSHE/V+XLd8YPXEIkpycHGY/pMTExCVLlpinSSYzYsQIsVjc3Nzc2dl5\n9uzZCRMmdL/m7Nmz9AWYu7u72pJ9RlYHALAibZ11C47ftXxj9MShy+6TTz6hhZiYGP6nESFEIBC8\n8sortJyenq7xmrS0NFpISEgwbXUAAGuJTdUwiGzcAA/edtZRHAKJLn1NCNmwYYN5GmN6UqmUdrUV\nFBTs27dP7eyBAweKiooIISKRaM6cOSavDgBgedo66z54McjyjeGEQ5cd86LIzc3NPI3RbPny5W1t\n/51dXFz85DVdbm5uUlISc1woFG7ZskWtbkBAQFJSEj2+cePGu3fvJiQkhIaGFhcXZ2Zm0p1nCSFJ\nSUnMGqkmrA4AYHm2NbJOFYdAGjlyZElJCbH4om3Z2dnMw5mqqqqqqqoq5kdt04ASExPLy8szMzMJ\nIYcPH2ZShDFt2rSFCxdq+3QjqwMAWJKNdtZRHLrs3nzzTVq4ePGieRpjLps3b16/fn3//v3Vjksk\nkk2bNm3atMms1QEALMN2O+uoHl1dXfpfPXbs2OrqarFYbPllF+wJln4BAHPo8cfs7gfVOuv4/P3D\nbWLsiRMnCCHNzc2qL28AAMDqbLqzjuIWSL169aKZ9OOPP44aNernn3/GngsAAFZn6511FLcuO0qp\nVL766qvMDt99+vRxcXFhryIQCM6dO2dIA+0Rnx+ZAcAW6dNZR/H5+4fzkj/t7e0zZ85kxl4TQhoa\nGnTWssriqgAAjsAOOusoboH08OHD5557zkxNAQAAruyjs47iFkjx8fGqP0okEg8PD2dnZ50PQJw2\nrwMAAH3Y3AYT7DgE0q1bt5i9f6ZPn/7+++/rfHUEAADmo3GDCVvsrKM4BFJycjItDB482IaWswMA\nsEv21FlHcehJa2lpoYWtW7eapzEAAKAXO+usozgEEvMeqFevXuZpDAAA6EVjZ93caF/bTSPCKZD8\n/PxoQS6Xm6cxAACgm7bOujnR6ktu2hYOgbR69WpaoJsAAQCA5dllZx3FIZACAgLc3d0JIevXrzdb\newAAgI1ddtZR3KYH0d2AGhoaVq1aZZ72AACAVvbaWUdxC6TAwMBvv/2WEJKRkREfH6+6Px4AAJjV\n+ZIGe+2sozjMQ5LJZFKplBASEBBQXl5eUlISGxvr6urq5eWlbbdWhkAgOHnypFEtBQBwbOuySrsf\ntI/OOorb0kGlper/Odra2iorK3VWxOKqAADGiE0t1DwNdoKtToPtDkvMAQDwnbZXR+cShwd6ulq+\nPWbC7QkpNDTUsI/B4qoAAAbbmyfrftCeOusoDoHk6+t79OhR8zUFAAC609ZZt2fmEMs3xqzw4AIA\nwF8snXWWb4y5IZAAAPhL4zhv++usoxBIAAA8pXFv8kBPV/vrrKMQSAAAfKSts85e04hoC6RHjzT8\nVzChiooKs94fAMCmaVtB1V476ygNgdTe3v7MM88sWbKE2ZHPhGpqauLj46dPn27yOwMA2A1te5Pb\n8eMRYemyO3Xq1PDhw9966636+nqTfNIvv/wSFxc3ZsyYkpISk9wQAMAuSQ/esrO9yfWkIZBcXFyC\ngp782llZWb/+9a/j4uLOnDnT2tpqwAfU19dv2bJlxIgRv/nNb5hFhkaOHGlwiwEA7Fh6nixd0zRY\nu1lBlYXmibGnTp3Kzs5+++2329raCCGVlZWLFi0ihPTv3z8mJmbBggXe3t50bySNamtr6+rq1qxZ\nU1FRUVdXp3qqf//+Bw8e9PX1NelvAQBgJxxkUQaNenR1dbGc3rdv3+bNmzs7O7ufEgqFYrG4V69e\nQqFQJBJ1dHQoFIqmpqbm5maNt/Ly8tq+ffvw4XY4mYurkJCQO3fuWLsVAMA72hZlKE0eZao16/j8\n/aMjkKjTp0//6U9/evDggWGf4e/v/9VXXwUGBhpW3f7w+Q8CAKwlPU9mge2O+Pz9o9dadhMmTJgw\nYUJtbW16evqRI0dqa2v1qeXn5zd//vzJkyf37NnTuEYCANg5xxznrUavJyQ1ra2tDx48KCws3L9/\n/+PHjzs7OxUKhVAodHZ2fuqpp5YtW+bv79+vXz/sgaQNn/+FAgBWobGzLtDTtTR5lGk/iM/fP9y2\nn6Dc3NwCAgICAgKmTp1q8gYBADgaB1yUQSMsHQQAYE3aOuvWTghynM46CoEEAGBNGhdlmBvta/fT\nYLtDIAEAWI22cd5zovtbvjFWh0ACALAOls33HK2zjkIgAQBYAcZ5d4dAAgCwAo2vjux48z19IJAA\nACxtXVYpxnl3h0ACALCo9DzZ2tOl3Y/vmTnEYTvrKAQSAIBFaVvPe260o2+DgEACALAcjPNmgUAC\nALAQjPNmh0ACALAEjPPWCYEEAGAJGOetEwIJAMDstL06QhqpQiABAJgXXh3piUMgyWSyyZMnT548\n+ZdfftG/1oIFCyZPnoydkwDAMeHVkf64bdB3+/Ztrh9w+/bt6upq7B4LAI4Jr470hy47AABzwasj\nThBIAABmwbIxOTrrNDJ7ICmVSkJIjx49zP1BAAC8ou3VEZYI0sbsgdTY2EgIcXFxMfcHAQDwR2xq\nocbjH0xwuI3J9WfeQNq7d29bWxshxMPDw6wfBADAH9KDt7SN8w70dLV8e2wF2yi72NhY2uGmRiqV\n6rxvZ2dnQ0ODQqGgP7722muGtQ8AwLak58nStaznjVdH7NgCqaamhkkUVdXV1Vw/Zv78+VyrAADY\nIm2vjjCyTiezv0Py9vbOy8sz96cAAPCBtldH2F1CH2xPSFFRUWpddgUFBYSQp59+Wud9x44dO2bM\nGB8fH29vbyObCABgE1heHaGzTh9sgXTgwAHVH2Uy2bhx4wghGzZsCA4ONmuzAABsC14dGY/b0kFY\nAQgAQCO8OjIeh0Dy9fUtLtawKBMAgIPDqyOTwNJBAABG0bZgHV4dcYVAAgAwnLYF6/DqyADc3iGp\nefToUUtLS0dHh8b5s2owDgIA7ElZfRvBqyOTMiSQZDLZm2++WVJSonHarEZCoRDvnwDAnmjc6IjC\nqyPDcA6kNWvWHDp0yBxNAQCwFdreGxG8OjICt3dIKSkpSCMAcHDa3hsRQtZOCEIaGYzDE1JLS8uu\nXbuYH8ePH//ee+95e3s7OztjfhIAOIiy+jaN740IIXOjfT94EbtLGI5DIP3www9M+fvvvw8JCTFD\newAAeI3l1REGMhiJQ5ddeno6Lfz+979HGgGAA2J/dWThxtgfDoHU3t5OC7NnzzZPYwAA+GtdVikG\nMpgVh0ASiZ707zk7O5unMQAAPJWeJ1t7ulTjKcyBNRUOgRQaGkoLHR0d5mkMAABPaRvIEOjpildH\npsIhkJYvX04LZ86cMU9jAAD4SNvaqQQDGUyKQyBJJJK+ffsSQv785z+brT0AAPzCsnYqXh2ZFreJ\nsVlZWYSQ5uZm5mkJAMCOsa+dijQyLW6B1LNnT5pJx44di4uLq6qqMk+rAACsT9scWKydaiYcJsbK\nZDKpVEoICQoKKi0traysjI2NdXZ29vHx0TnuTiAQnDx50qiWAgBYlrY5sB9MwHIMZsFtcdXSUvVR\njx0dHZWVlTorYm0hALAtLK+OAj1dLd8eR4AN+gAA1EkP3sImsJbH7QmJmYrElUCA5AMA25CeJ0vP\nk3U/jgmw5sYhkHx9fY8ePWq+pgAAWJ22gQyYAGsBeHABAPgvbQMZkEYWgEACAHiCZSADOussAIEE\nAECI9oEMe2YOQRpZBgIJAIBtIMPcaF/Lt8cxcRtlp+b+/fvJyckNDQ1yuVypVA4cOHD37t2mahkA\ngGVgIANPGBhIa9eu/etf/6p2sHfv3mpHoqKimpubCSFXrlzx8PAw7LMAAMwKAxl4gnOXnVKpjIqK\n6p5GGi1btowWduzYwfWDAAAsAAMZ+INzIIWHh9OHHkKIUCgMCAiIjIzUdvG0adNo4fjx44a1DwDA\nfLSlEQYyWAW3LrvExMTOzk5aXrVq1Zw5c2g5MjKytbW1+/Vubm5+fn6VlZW1tbVyudzJycnI5gIA\nmArL1hIYyGAVHJ6QHj9+fPbsWVr+6quvmDRiFxT0ZFnchw8fcm0cAICZpOfJMJCBbzgEUm5uLi2M\nHz9+9OjRetZiXiM1NDRwahkAgJloG1ZHMJDBqjgE0tatW2nhvffe07+WWCymhfb2dv1rAQCYj7Zh\ndRjIYF0cAol5S9SnjyH/g6WnpxtQCwDAtDCsjrfMvlIDE2OzZ88292cBALDTtj4QtpbgAw6B5Obm\nRgtNTU3610pJSaEFTIwFAOtiWR8Ir474gEMgTZkyhRYyMzP1r1VUVEQLPj4++tcCADCt8yUNGFbH\ncxwC6aWXXqKFL7/8Us8qGRkZdBatm5ubp6cn18YBAJgEhtXZBA6B1K9fP29vb0JIW1vbggULdF6f\nn5+/atUqWp43b55h7QMAMJ70YHFZfVv34xjIwCvcBjWkpqbSwvnz55999tn79+9rvKy9vX3jxo3M\nKAaRSPTWW28Z00oAAINhfSBbwW3poIiIiHnz5qWlpRFCamtrX375ZTc3N29vbzqU7t69e1OnTq2v\nr6+urlatdfDgQRO2GABAfyzD6rA+EN9w3n5ixYoVQqFw165d9MfW1taKigrmbHGx+nSzPXv2hIeH\nG9NEAADDYFidbTFkHtLy5ct/+OEH+j6JxeDBgwsKCkaNGmVQwwAAjILV6myOgRv0BQcH//TTTzKZ\n7PDhw99///3jx49pr52zs3Pv3r0nT548e/ZsnYkFAGAmGFZni3p0dXVZuw0OJyQk5M6dO9ZuBYA9\nw/pA2vD5+8fsSwcBAFgY0shGIZAAwK5oSyOsVsd/CCQAsB8sg7zx6oj/EEgAYCe0DfLGsDpbYeAo\nO5lM9sUXXxQUFDQ3N7e3t3d2drJfLxAICgsLDfssAACdtA3yJoScWxhl4caAYTgHUk1NTUJCQm1t\nLadaQqGQ6wcBAOiJZZD3ucThgZ6uFm4PGIZbl11RUdGYMWO4phEAgFlhS3L7wO0JSXXXV5FIFBwc\nPGXKlKioKJHIwK4/AAAjYe1Uu8EhSHJychQKBS0nJiYuWbLEPE0CANCXtjRaOyEIa6faHA5ddp98\n8gktxMTEII0AwOpYphx98GKQ5dsDRuIQSHTvV0LIhg0bzNMYAAB9rcsq1ZhG4wZ4YJC3jeIQSMyL\nIjc3N/M0BgBAL+l5srWnS7sfD/R03TNzqOXbAybBIZBGjhxJCx0dHeZpDACAbixTjvbMHIJB3raL\nw6CGN998869//Ssh5OLFizNmzDBbk0xJqVQyAzFYCIVCgUBHNiuVysuXL9fU1FRXV0skEh8fn5iY\nGJ21AMC02KccYVidTeMQSBKJpH///tXV1Zs3b7aVQDp27Ni7776r87Lt27c///zzLBccOHAgNTW1\nrq5O9aC3t/eiRYtmzZplbCsBQD9l9W2xOzSv+YI0sgPc/oF/4sQJQkhzc3NSUpJ52sNHS5Ys+dOf\n/qSWRoSQ2tradevWLV++3CqtAnBA0oPFZfVt3Y9jypF94DahtVevXidOnHj55Zd//PHHUaNG7dix\nIzw83Ca6rQICAsLCwrSd7devn7ZT27ZtO3XqFC3PnTt3ypQpgYGBZWVlGRkZ+/fvJ4QcO3YsODg4\nMTHR5G0GAFWYcmT3DNkxVqlUvvrqqzdv3qQ/9unTx8XFhb2KQCA4d+6cIQ00ztGjR2mX3ezZs9es\nWcO1ellZWXx8PH0LtWnTpmnTpqmePXToEL2nUCjMysry9/fX87Z83rERgJ9YphxhkDcnfP7+4bzk\nT3t7+8yZM4uL/7tyVENDg85aNrq4alpaGk2jmJgYtTQihMyYMeP48eO5ubkKhWLfvn3JycnWaCOA\n/UMaOQhuvW0PHz781a9+pZpGdkypVB4/fpyW582bp/EaqVRKC0eOHFEqlRZqGYAj0bbnHnY5sj/c\nnpDi4+NVf5RIJB4eHs7OzjofgGziPZOa/Px8ujiFSCQaPXq0xmvGjh0rEok6OzubmpquX78eERFh\n2TYC2Ll1WaXa9tzDLkf2h0Mg3bp1q7GxkZanT5/+/vvv63x1ZNNu375NC2FhYdoCVSgUhoeHFxUV\n0esRSAAmpG05BoIJsHaKQyAx70gGDx5sc8vZFRcXL1u2rLi4uK6urnfv3kOHDh06dOikSZNYRiIw\nozb8/PxY7iyRSGggXb9+3VamZwHwH9sOsJhyZKc4BFJLSwstbN261TyNMaOioiIaG4SQxsbGysrK\nH3/8ccuWLdOmTVu5cqW7u3v3Kk1NTbSg8SyDOctcDwBGOl/SgDRyQBxe7TDdVr169TJPY8xLLBYP\nHTrUy8vL2dmZOZiRkTFz5sz6+vru18vlcloICAhguW1Q0JNV7rHEH4BJlNW3xaYWaTyFNLJvHJ6Q\n/Pz8SkpKiMo3Nf8JhcKEhITx48ePHTvWycmJHlQqlfn5+Vu3bs3NzSWElJSUvP3223v37lWr29nZ\nSQu9e/dm+QixWMzc1sStB3A8LIsDYTkGu8chkFavXj1hwgRCSFFRka+vbcyLnjhx4sSJE9UOCgSC\nkSNH7t+/f8OGDXS1hcuXL2dnZ8fFxVmsYSEhIUyZt5PUACxP2+JAWI7BGKpfOHzGocsuICCAvi9Z\nv3692dpjUatXrx469MnWKYcPH1Y7y+z/xP5yiDnLaWj7HRX61wKwb9gB1kxs5QuH2/Qg+q3d0NCw\natUq87TH0l5//XVayMnJUTvFdPGVl5ez3IE5q/pqCgC4wnIMwC2QAgMDv/32W0JIRkZGfHx8VVWV\neVplOcyKq21tbWo7JzGvjpjZVxoxZ9lfNQEAC21phP3IHQqHd0gymYyulBMQEFBeXl5SUhIbG+vq\n6qo2bk0jgUBw8uRJo1pqHj4+PkxZqVSqLjkxbNiwzMxMQkhFRQXLHSorK2khPDzcPG0EsHMsaXQu\nEcsxOBBuSweVlqrPmm5ra2O+kVnwdnHV69ev04JQKFRrZGhoKC0UFxcrFAqNv4JCobhx44ba9QCg\nP21pFOjpumfmUMu3B6zI9paYM63CwicDTCUSidqohBEjRtAh3Z2dnWfPntVY/ezZs3R0uLu7O9YN\nAuCKJY3OLYzC4kCOhtsTksEPAfxcXFUmk9Fh34SQ2NhYtbMCgeCVV17561//SghJT0+nQ97VpKWl\n0UJCQoI5Wwpgh7Qt402wVJ2j4hBIvr6+R48eNV9TTO7KlSvV1dWTJk3SGIf37t178803mfW8f/vb\n33a/RiqVfvvttwqFoqCgYN++fWrXHDhwgC5HJBKJ5syZY55fAsA+SQ/e0riMN8FyDA6M8wZ9NqSi\noiI5OXndunXjxo2LiIjw8/NzcnJSKpV1dXVnz57Nzs5mrlyxYoXGVVYDAgKSkpK2bNlCCNm4cePd\nu3cTEhJCQ0OLi4szMzOZqUtJSUkSicQyvxSAHdC2qQRBGjk2ew4kqrm5+cSJEydOnNB4VigUrly5\nUuPjEZWYmFheXk6H2x0+fLj7/Nlp06YtXLjQhA0GsG/rskq1bSqBNHJw9hxIw4YNe/HFFy9cuNDW\npmElEpFINHny5Hnz5g0cOJD9Pps3b46KikpNTa2urlY9LpFIkpKSum9tDgDaII2ARY+uri5rt8Hh\nhISE8HwBDwBzwBZHfMDn7x+jnpDu37+fnJzc0NAgl8uVSuXAgQN3795tqpYBgD1BGoFOBgbS2rVr\n6XhoVd3XzomKiqLD2K5cueLh4WHYZwGArUMagT44Tw9SKpVRUVHd00ijZcuW0cKOHTu4fhAA2AeW\nNMIWR6CKcyCFh4fThx5CiFAoDAgIiIyM1HYx88L/+PHjhrUPAGwaexphiyNQxa3LLjExkdlHddWq\nVcxs0MjIyNbW1u7Xu7m5+fn5VVZW1tbWyuVyZkMHAHAESCPghMMT0uPHj5kl3b766is91yYICnqy\nrdbDhw+5Ng4AbBdLGmH7V9CIQyDl5ubSwvjx40ePHq1nLeY1UkNDA6eWAYDtYk8jbP8KGnEIpK1b\nt9LCe++9p38tumA2IaS9vV3/WgBgu5BGYBgOgcS8JerTx5BRMenp6QbUAgDbgjQCg5l9VwgmxmbP\nnm3uzwIA60IagTE4BJKbmxstNDU16V8rJSWFFjAxFsC+IY3ASBwCacqUKbRAl77WE90xiBDi4+Oj\nfy0AsC1IIzAeh0B66aWXaOHLL7/Us0pGRgadRevm5ubp6cm1cQBgE5BGYBIcAqlfv37e3t6EkLa2\ntgULFui8Pj8/f9WqVbQ8b948w9oHADy3LqsUaQQmwW1QQ2pqKi2cP3/+2WefvX//vsbL2tvbN27c\nyIxiEIlEb731ljGtBAB+YtnfCGkEXHFbOigiImLevHlpaWmEkNra2pdfftnNzc3b25sOpbt3797U\nqVPr6+vVNrI7ePCgCVsMADyBNALT4rz9xIoVK4RC4a5du+iPra2tFRUVzNni4mK16/fs2RMeHm5M\nEwGAh5BGYHKGzENavnz5Dz/8QN8nsRg8eHBBQcGoUaMMahgA8Jf04C1tabRn5hCkERjGwA36goOD\nf/rpJ5lMdvjw4e+///7x48e0187Z2bl3796TJ0+ePXu2zsQCAFskPXgrPU+m8RTW8AZj9Ojq6rJ2\nGxwOn/e0B2CHNLJ1fP7+MfAJCQAcUGxq4fmSRxpPIY3AeAgkANALSxqdSxyOncjBeJwDSaFQ0IJQ\nKDTtxQDAW0gjsABuo+ymT58+dOjQoUOHXrhwQZ/rV61aRa/PyMgwqHkAYH1II7AMDoEkl8uvXbtG\nCBGLxXFxcfpUef/992nh008/NaBxAGB1SCOwGA6BVF5eTgvjx4/Xs0qvXr0kEgkhpK6urqWlhWvj\nAMCKyurbgjbmII3AYjgE0oEDB2hh4cKF+td69tlnaeHBgwf61wIA6zpf0hC7o7Csvk3jWaQRmAOH\nQGJ2NuK0kcScOXNooaGhQf9aAGBF50saYlOLNKZRoKcr0gjMhEMgtbe304KLEo0zNwAAIABJREFU\ni4v+tZydnWnh6tWr+tcCAGtJz5PFphZpPBXo6XpuYRTSCMyEQyAJBE8uZgZz64O5uLGxUf9aAGAV\nLJsbjRvgcW5hVKCnq4WbBI6DwzwksVhMCw0NDb169dKz1rFjx2hBz4F5AGAtLMsCjRvgcS4xysLt\nAUfD4QlJKpXSwieffKJ/re+++44WvLy89K8FABbGkkZzo32RRmABHJ6QYmJiaCErK6uxsdHd3V1n\nlQsXLjCD6+j4bwDgIZbJRtjcCCyGwxOSp6dn//79aTk6OlrnvKLCwsI333yTll944QXD2gcA5sa+\nZCrSCCyG29JBX375JVMePnz47t27NQ5waGxsXLNmzWuvvcYcwUoNADxUVt+GBbyBPzjvh7R+/fqv\nv/5a9Ujfvn09PT3d3Ny6urpaWloePnyoNuXo888/j4+PN0Fj7QWf9yMBx3G+pEF68BamvjoaPn//\ncF7te82aNUKhcN++fcyRBw8esKzC8PHHHyONAPgmPU+mbXg3QRqBlXDrsqOSk5P37dvXp4+Ov9dB\ngwZduXJl8uTJBjUMAMyFZbIRQRqB9Ri4Qd8zzzxz+fLlioqKnTt35uTkNDU1dXR09OjRo2fPnr16\n9ZoxY8bUqVM5rTAEAJbBPtloz8yhmPoK1mLUjrH+/v4bNmwwVVMAwNxYhjBg6itYnSFddgBgi9gn\nGyGNwOqMekICAJvAPqAOw7uBJxBIAHaO7iWh7SzSCPgDgQRgz9Zlla49XartLAbUAa8YFUgKhaK2\ntratrU2fDSmCg4ON+SwA4IplQF2gp+uemUOQRsArBgbSoUOHtm3bpv+u5EKhsLi42LDPAgADsA+o\nw/Bu4CHOgVRfXz9hwoSmpiZztAYAjMc+hAGrdwNvcQuk9vb2X//612ZqCgAYj31NIAxhAD7jNg9p\nzpw5TDkhIeHSpUs3btzw8/MjhHh7e9+5c+fatWuXLl366KOPmN2SZs+efefOHfTXAViA9OAt9jWB\nkEbAZxwCqbGxsajoyeDRTz/99MMPP/Tx8XFyclK9xsXFxcfHZ+rUqXl5eUuWLCGEfP311wsXLjRh\niwFAo9jUQm1DGAgG1IEt4BBIP//8My34+/tPnDhR5/WJiYnvvvsuISQ7O/ubb74xrH0AoBP7tkbj\nBniUJo9CGgH/cQikL774gha2bNmiZ5Xf/e533t7ehJCPP/6Ya8sAQB/nSxpid+hYEwgD6sAmcAgk\nZmSdr6+GbmhtU5Hmzp1LCGltba2pqeHcOgBgtS6rNDa1iGVNIAyoAxvCIZCUSiUtuLr+z7+2BAIB\nIaStTfP/JV544QVaqK2tNaSBAKBFbGoh+yoMGMIAtoVDILm4uNACk0yUs7MzIaS1tVXtOCUUCmnh\n1i2tg38AgBP2l0aBnq4YwgC2iEMgicViWlB7GBo0aBAtPHz4sHstZiiE2nMVABgmPU8WtDGHbVuj\nhVFII7BFHAIpOTmZFurq6lSPL168mBbS09O71/rkk09oISgIfdkAxmKfaYQhDGDTOAQSM5YhJSVF\n9bi/vz8tpKWlFRYWqp7auHFjdXW12mUAYBidM40whAFsGoelg7y9vV1dXdva2i5fvqx63MXFJS4u\nLjs7mxDy2muv+fn5+fj4yOXyioqKxsZGeo2/vz+zdgMAcMW+PB2W7gb7wG3poGeffZYQ0tHRcebM\nGdXj27dvZ8qVlZVXr169efMmk0aEkO+//964dgI4LunBWyxju+dG+2LeK9gHbourpqamlpeXdz8u\nEAgKCgpiY2NVQ4gSi8XHjx/v2bOn4W0EcGAso+kIFksF+8J5+4mAgACNx3v16pWXl3fv3r3ly5c3\nNTUJBAKxWPzxxx+HhIQY3UgAR8TeTUewPB3YHRNvYT5o0KCjR4+a9p4ADoh963HssAd2ycSBBADG\nY++mww57YK8QSAA8gm46cGQIJAC+kB68xTLNCN10YPcQSADWV1bfJj1YjG46cHAaAqmlpYVZottU\nBALBxYsXTXtPAPvAPn6BYGw3OAzNT0gm3yqCWfMbAFShmw6AgS47AOvQOX4B3XTgaDQH0siRI037\nMXQTPwCg2B+MCEbTgUPSEEg9e/bcv3+/5ZsC4Ah0Phihmw4cFrrsACxH54MRxi+AI0MgAViCzoHd\n2EICAIEEYHY6B3Zj/AIAMT6QGhsbGxoaGhsb5XJ5jx49XF1dn3rqKS8vLxcXF5O0D8DWsS9MRzB+\nAeA/DAwkhUKxffv2b775pqGhQeMFEonkj3/848SJE41oG4Bt0/lgNDfa94MJQRi/AED16Orq4lrn\n6NGj7777rj5Xurm5HT58eNCgQdwbZs9CQkLu3Llj7VaAGel8Y0QwfgGshM/fP5ynB6WkpOiZRoSQ\n1tbWiRMnnj59muunANiudVmlQRtzWNKIbjqONAJQw63L7siRI7t27WJ+9PPzW716dXh4uIeHh5OT\nk1KplMvldXV1WVlZu3btqquro5ctXrz40qVLPj4+pmw4AP+cL2lYl1WKByMAw3Drshs6dKhCoaDl\nzMzMIUOGsFx87Nix5cuX03Lfvn2xuCqDz4/MYDCdc4ww4xX4gM/fPxyekHJzc5k0unHjhpOTE/v1\nkyZN8vLykkqlhJAHDx7U19d7enoa3FAA3krPk607Xcqy+ALBgxGAHjgE0kcffUQLK1eu1JlG1KhR\nowYMGFBSUkIIkclkCCSwPzofjDCUDkBPHAY1tLS00MLUqVP1r7VhwwZa+P777/WvBcB/6XmyoI05\nOpcC2jNzCNIIQB8cnpCYFbvFYrH+tfr3708Lo0eP1r8WAJ/pM3gBD0YAXHEIJC8vL9r51t7ermeX\nHVF5rmKSCcCm6eyjI3hjBGAQDl12f/rTn2jh5s2b+tf69NNPacHPz0//WgA8pE8fHeYYARiMwxNS\nYGCgm5tba2trUlJSXl6ePlVaWlqys7MJIcOHD3dzczOwjQDWpk8f3bgBHh+8GIRV6QAMxm2lhr17\n9xJCGhsbZ82apfPixsbG4cOH0/LXX39tQOMA+EB68FZsapHO6a7nEqOQRgDG4BZIERERf/nLXwgh\nBQUFISEhO3bsYF4RqXr48OE777wTHR1NCHF1df3pp5+EQqFJmgtgSXQRIPTRAVgGh5UaZDIZneXa\n3t5eVVXFHBeLxR4eHiKRSKlUKhSK2trajo4O5mxQENsuL0FBQTt27DCo5TaMzzOlgdJnrivB4AWw\nQXz+/uG2ll1pqYa19Jubm5ubmzlVAeAtfV4XEUQRgBlgx1iA/9JnSDcmGAGYCbdACg0NNe3HBwYG\nmvaGAIbRJ4oIHowAzIlDIPn6+h49etR8TQGwCrwuAuAJdNmB49IzitBHB2AZCCRwRHpGEea6AlgS\nAgkcS3qebG+eTOcgOoI+OgCLQyCBo9BzPDdBFAFYiekDqba2tqampr29XSwW+/v79+zZ0+QfAcDJ\n+ZKGvXnV+gyiWzshaE60L14XAVgFt0C6desWLQwZMkTjBdOnT7927ZrqkTfeeGP16tWGNQ7ASPpH\nEUYuAFgdt0CaOXNmW1sbIaSoqKj7o09cXFxlZaXawf379z948OCLL74wppUAXOn/rghRBMATHAKp\npqaGppHGjrhvvvlGNY2cnZ2ZFe2ysrIKCwujoqKMbi2AbogiABvFIZCqq6tpYdmyZd3Pfv7557Tg\n5eV16tQpd3f39vb2d955JysrixDyxz/+8dy5c0a3FoCNnoO5CSFzo33nRPfHeG4AXuEQSB9++CEt\nREZGqp2qra1tbGyk5aNHj7q7uxNCXFxcvvjii8jIyNbW1qqqqsePH/fq1csUbQZQhygCsAMcAunx\n48e0QPNG1cWLF2nB29vbx8dH9dTEiRMPHz5MCKmtrUUggclJD946X9KgTxSNG+AxJ9oX47kBeItD\nIHV2dtKCi4uL2qndu3fTwowZM9ROzZkzhwbSv//9bwPbCKCJnsuhEkLmRvuOHeCBKALgOUPmIXV2\ndjo5OakeYfbrmzp1qtrFrq5P3hhfvXo1IiLCgI8DUJWeJ7tQ8kj/KEIHHYCt4BBITAg9fvzYzc2N\nOV5fX89s0Ne/f39t1cVisUEtBHhC/xdFBCPoAGwQh0B64YUX7t69Swi5cuXKxIkTmeOHDh2ihf79\n+6s9ORFCWlpaaGHAgAFGtRQcVVl927rTpXq+KCKIIgCbxSGQXn311e3btxNC1q5dqxpIqamptBAf\nH9+91s6dO2mhTx90mwA3nB6JCKIIwMZxCCSJRCIWi5ubm5uamqKjozdu3PjUU08tW7aMmQA7f/78\n7rUKCgpowdPT0/jmgiPg+khECNkzc8i4AX0QRQA2jdughs8///zNN98khDQ2Ni5evFj11Pjx47tH\nTktLC51O6+rq2n2wOIAaAx6JMHwOwG5wC6SxY8cmJiYyfXSMQYMGdT9ICNm7dy8t+Pn5GdY+cASc\nBs5R6J0DsD89urq6uNaRyWRr1qy5e/euUqkUi8XLli2bMGGCxisjIyNph95f/vKX5557ztjG2ouQ\nkJA7d+5YuxXWR5fi5tQ1R7BDBIBx+Pz9Y0gggZH4/AdhGeuyStPzZZxyCL1zACbB5+8f7BgLlsP1\nFRGF3jkAB4FAArMzOIfwSATgUBBIYBZl9W1782Rc++UovCUCcEwIJDAlOl6O6zgFCo9EAA5OQyC1\ntLS88MILzI/Z2dl0eW+ZTPbqq68a9jECgYDZogLsj/E5hGmtAKD5Cam2tpbTcZ2EQqFhFflDqVRe\nvny5pqamurpaIpH4+PjExMQIBAJrt8tq0vNk5fVthnXKkf/sToQcAgAGuuz0cuDAgdTU1Lq6OtWD\n3t7eixYtmjVrlrVaZXk0hM6XNJwveWTYHcYN8Bg3oA9eEQFAd5oDaeTIkZyO62TTTxJLliw5depU\n9+O1tbXr1q0rLCxMSUmxfKsshgmhsoY2wx6GCHIIAPSAibE6bNu2bevWrbQ8d+7cKVOmBAYGlpWV\nZWRk7N+/nx5fsmRJYmKi/vfk88Q0ysjuOAbeDwHwDZ+/fxBIbMrKyuLj4xUKBSFk06ZN06ZNUz17\n6NChNWvWEEKEQmFWVpa/v7+et+XhH4RJHoMYyCEA3uLh9w8D75DYpKWl0TSKiYlRSyNCyIwZM44f\nP56bm6tQKPbt25ecnGyNNhqirL7tfEmDCROI/KdTbuxAD+wXDgCGQSBppVQqjx8/Tsvz5s3TeI1U\nKs3NzSWEHDly5L333uPnqzI6Gtu08cPAwxAAmAoCSav8/Pzm5mZCiEgkGj16tMZrxo4dKxKJOjs7\nm5qarl+/HhERYdk2/o+y+rayhlaaPYTmkKnjh5ob7RvYxxUjFADAtBBIWt2+fZsWwsLCtD36CIXC\n8PDwoqIier25A4lGDi0wqUMIMVPwqEIIAYC5aQ6kxsZGk3+Sze0Ye/PmTVpg311QIpHQQLp+/fqM\nGTP0uXOL12C1zejK/zdOyhrayupbmTIhxNx5012gp+u4AX3QHcdDfH4pDWAMzUsHRUdHm/ZjhEJh\ncXGxae9pbk1NTbTAHqXMWeZ6neoGvyw9eMuYtpkJfQwaO9AjsI8bQggALAxddlrJ5XJaCAgIYLks\nKCiIFujeuDaEPgMhgQCAJxBIWnV2dtJC7969WS4Ti8W0oFQqzd4mIyB+AIDnNARSz549L126xFJn\nzZo12dnZhBCRSDR48OA1a9Z4e3uLRKKuri65XH7t2rXt27eXlpbSi+fPnz9nzhxzNB20cWqpc6u7\nSwhxaq1zq7vn1FLn1FpHCMkhJIeQb6zdPDBeSEiItZsAYHqan5B8fHy0VZg6dSp9G7R48eKkpKTu\nFwQEBEyaNEkul69YseLEiRO7du169OjRhg0bTNViixGJnvzHYX85xJzVfxLSMyNHGrw4KUWfbwL7\nuAZ6ugX2cSWE0Oce5hQAgM3h1mW3ZMkSmkb79+9nX2jVycnps88+Cw4O3rp16+HDhyMjIw3eS8la\nnJycaKG8vJzlMuass7Oz/jdXiw0aKv855aZ2MMDT9T8JhMgBALvFIZAePXpEF72eMmWKnst+JyUl\nHT58uLq6et26dTYXSMyrI/ZB8MxZ9ldNqs4lRhnTMAAAu8RhqZtDhw7RwvLly/WvtXTpUkJIR0dH\nVVUVp5ZZ3bBhw2ihoqKC5bLKykpaCA8PN3ubAADsF4dAYhZ24zTFdcSIEbTw8OFD/WvxQWhoKC0U\nFxfTJVa7UygUN27cULseAAAMwCGQ2tvbjfmk06dPG1Pd8kaMGEGHdHd2dp49e1bjNWfPnqWjw93d\n3a27kB0AgK3jEEjMS/sHDx7oX+ubb54MM2YelWyFQCB45ZVXaDk9PV3jNWlpabSQkJBgmVYBANgr\nDoHErHi9cOFC/WsdOHCAFoKDg/WvxRNSqVQoFBJCCgoK9u3bp3b2wIEDdBU7kUiEuVYAAEYSrl27\nVs9LQ0JC6ANBfX29UqmMiYnRWWXWrFn/+te/aHn16tWGNtJqPDw8evToceXKFULIxYsXa2pqPDw8\nnnrqqZ9//jk1NXXHjh30srfeeisuLs6qLQUAsHnctjCfM2fO5cuXadnf33///v2+vr4ar7xy5cqi\nRYuYSaNLly7l9FzFKytWrMjMzNR2dtq0aZs2bbJkewAA7BK3QCKEDBs2jFnkjRDSu3fvvn37enh4\nREREPHz48F//+ldtba1MJlO95umnn2beJNmoQ4cOpaamVldXqx6USCRJSUndtzYHAAADcA4kpVI5\nduxY/cc1PPfcc7t37+beMAAAcCwcBjU8qSAQXLx4cenSpfRtPwt3d/cdO3YgjQAAQB+cn5BU3b9/\nf/Pmzffv3//3v/8tl8sFAoGzs3Pv3r3HjRv3+9//XiKRmLChAABg34wKJAAAAFPh3GUHAABgDtgx\n1nKUSuXly5dramqqq6slEomPj09MTIz+uyiBA1IqldrWUVQlFArxhwSEEIVCQbeuFggEOl/zq+LJ\ntxMCyUIOHDiQmppaV1enetDb23vRokWzZs2yVquA544dO/buu+/qvGz79u3PP/+8BdoDfCOXy3Ny\ncu7fv3/t2rWrV68yU1OmTJmyefNmPW/Cn28nBJIlLFmyhG4lpaa2tnbdunWFhYUpKSmWbxUA2LTT\np08vXrzYyJvw6tsJgWR227ZtY/73njt37pQpUwIDA8vKyjIyMvbv308IOXbsWHBwcGJiolWbCbwW\nEBAQFham7Wy/fv0s2RjgCdX1ByihUKhPHy+Db99OCCTzKisrS01NpeVNmzYxyzoMGTJk9erVgwYN\nWrNmDSFk27ZtkyZN8vf3t1pDgd+ee+45+qcCoKp///6RkZFhYWEDBw6MiYnZuHHj4cOH9azLw28n\nvAg1r7S0NPoPlpiYmO6LDM2YMYNuBq9QKLqvJg4AwCI+Pv7ChQtbtmyZP39+bGysm5sbp+o8/HZC\nIJmRUqlkttmdN2+exmukUiktHDlyhA6PAQAwN35+OyGQzCg/P7+5uZkQIhKJmN2k1IwdO1YkEhFC\nmpqarl+/btH2AYCj4ue3EwLJjG7fvk0LYWFh2kb0C4XC8PBwtesBAMyKn99OCCQzunnzJi34+fmx\nXMYs+ocnJNCmuLh42bJlL730UnR0dFxcXFJSUmpqakVFhbXbBbaKn99OGGVnRsz+hO7u7iyXMWeZ\n6wHUFBUVFRUV0XJjY2NlZeWPP/64ZcuWadOmrVy5kv0PDKA7fn474QnJjORyOS0EBASwXBYUFEQL\nHR0dZm8T2CyxWDx06FAvLy9nZ2fmYEZGxsyZM+vr663YMLBF/Px2whOSGTHT1nr37s1ymVgspgWM\nsgM1QqEwISFh/PjxY8eOdXJyogeVSmV+fv7WrVtzc3MJISUlJW+//fbevXut2lKwMfz8dsITEgB/\nTZw48cMPP3z++eeZNCKECASCkSNH7t+//4033qBHLl++nJ2dbaU2ApgMAsmM6IhJoqv7lTmLBZuB\nk9WrVw8dOpSW9Z+fD0D4+u2Eb0AzYv5VW15eznIZc1b13QCAPl5//XVayMnJsW5LwLbw89sJgWRG\nTOdsY2Mjy2XMWfbOXIDumBVX29raOK2qCQ6On99OCCQzGjZsGC2wzxeprKykBWYOGoCefHx8mDIG\nxYD++PnthEAyo9DQUFooLi7W9q9XhUJx48YNtesB9MRMVxQKhZx2CAUHx89vJwSSGY0YMYIOmuzs\n7Dx79qzGa86ePUvHX7q7u0dERFi0fWD7CgsLaUEikWBQDOiPn99O+As2I4FA8Morr9Byenq6xmvS\n0tJoISEhwTKtArshk8noLmqEkNjYWOs2BmwLP7+dEEjmJZVKaUdKQUFB9z1FDhw4QNeDEYlEc+bM\nsUL7gMeuXLly9OhRbW+G7t27N2vWLGbB5t/+9reWbR3YPB5+O/Xo6uqyzCc5rNTU1C1bttDy9OnT\nExISQkNDi4uLMzMzmbkjS5cuXbhwofXaCHz03XffJScni8XicePGRURE+Pn5OTk5KZXKurq6s2fP\nqs6ETU5ORiA5puXLl7e1tTE/FhcX02EIEomEGbZACBEKhcy3kCq+fTshkCxhxYoVmZmZ2s5OmzZt\n06ZNlmwP2AQaSOzXCIXClStXIo0cVlRUFH1KZufs7KxtuW5efTshkCzk0KFDqamp1dXVqgclEklS\nUlL3zYMBCCG3bt3asWPHhQsXVP8JzBCJRJMnT543b97AgQMt3zbgCeMDifDp2wmBZFE///zzP//5\nz/b2dhcXl//7v//DsDrQR1VV1Z07dx4/ftze3i4UCl1cXPr27RsVFYVhdWBCfPh2QiABAAAv4F9Y\nAADACwgkAADgBQQSAADwAgIJAAB4AYEEAAC8gEACAABeQCABAAAvIJAAAIAXEEgAAMALCCQAAOAF\nBBIAAPACAgkAAHgBgQQAALyAQAIAAF4QWbsBAPzS3t6uUCgIIXTnIWs3x9KUSiXz65twvyW5XE4L\nTk5Opron2B88IQH8j82bNw8fPnz48OF/+MMfrN0WK3j99dfDwsIiIiIqKipMeNslS5aEhYWFhYXd\nunXLhLcFO4NAAoAnjh07VlBQQAiZNWtWQECACe+8fPlyWli1apUJbwt2BoEE9m/t2rXh4eHh4eGJ\niYnWbgt/yeXyjz/+mBAiEonmz59v2psHBwdPmjSJEFJcXHzs2DHT3hzsBgIJ7F9nZ2dHR0dHRwd9\nOwIa7du378GDB4SQ6dOn9+vXz+T3X7BgAS1s2bJFqVSa/P5gBxBIAP8jOTn5xo0bN27c+Oqrr6zd\nFstRKBS7d++m5blz55rjIwYNGhQdHU0IqaioOHr0qDk+AmwdAgngfwiFQicnJycnJ6FQaO22WM63\n335bV1dHCBk5cmRgYKCZPuX111+nhbS0NDN9BNg0BBIAkIMHD9LC5MmTzfcpL7zwglgsJoTcvXu3\nsLDQfB8ENgrzkMCe5eTkEEJqamroj48ePaJHVPXt23fgwIHMj2VlZVVVVYSQp556atiwYWoX379/\nn75o8fLyCgkJoQcvXbqUnZ1dV1fX1dUlFovHjx8fFxfXfRJPfn7++fPnq6qqOjs73dzcnnvuuQkT\nJug/1enmzZuXL1++e/dua2trjx49evbsOXLkyNGjR3t7e+t5B21u3bp1+/ZtQohQKJwwYYLO65VK\nZU5OTl5eXmVlZVtbGyHE1dXV1dX16aefDg4OjoiI0FZRKBSOGzfuxIkThJDvvvsuKirKyJaDnenR\n1dVl7TYAmAuTGSymTJmyefNm5sf169d//fXXhJBRo0bt2bNH7eIVK1ZkZmYSQl544YVt27bdvHnz\nnXfeKSkpUbssKCho27ZtTM6VlZUtW7bs5s2bapf17dv3008/HTlyJHsLc3JyNm/eTDNDjVAonDlz\n5tKlS93d3XX+ptqkpKTs2rWLEBIdHX3gwAH2i48dO5aSklJdXa3tAnd39507d2oLm5MnT7799tuE\nEDc3t8LCQhPOvQU7gL8GAAPl5+fPnj27exoRQkpLS1977TX6pFVUVPTqq692TyNCyIMHD+bPn88+\nV3TLli1SqVRjGhFCFArF119/nZCQ8PDhQ4N+CUIIuXDhAi3ojMbU1NTly5ezpBEhpLGxkeWCMWPG\n0EJra+vly5c5thTsHLrswJ5t376dEPL111/Tnrphw4Z1n4rk6+trwJ3r6+vfeuut1tbW0NDQWbNm\n+fv7i0SiR48eHTp06NKlS4SQxsbGDz744MMPP1y0aFFTU1NQUNBrr702YMAAZ2fn5ubmzMzMU6dO\nEULa2tqSk5P/9re/afyUL774IjU1lZb79u37+uuvDx8+PCwsTKlU5uXl/fjjjxkZGYSQioqKOXPm\nHDlyxIC1jh49enT37l1aDg8PZ7nyzp07W7ZsoeWAgACpVBoZGRkcHCwQCORy+fXr10tKSi5cuHDx\n4kWWm/Tq1cvf358uA5GTkzNq1CiuDQY7hkACe/b8888TQs6fP09/9PHxoUeMR1c0mD179po1a1SP\nT5gwgenW+/vf//7222/X1dW9/PLLmzdvVl3GLTY29pNPPqEjy2/evJmfnz9ixAi1j8jPz6eBSggZ\nP358SkpKz549Ve8QGxv74osvJiYmdnZ2lpSU7Ny586233uL6i+Tn5zPlp59+muXK/fv300JoaOjB\ngwfd3NyYU05OTs8888wzzzwza9as2tpaZuU6jX71q1/RQLpz5w7X1oJ9Q5cdgIFiYmLU0ohasWIF\nM2Q8Nzc3NDT0k08+6b6oqOqLnx9//LH7fTZu3EgLoaGhW7duVU0jxtixY5ctW0bLaWlp7Emg0b17\n92jB2dmZ/UWUTCajhVmzZqmmkRpvb2/2h07mLA11AAYCCcBAS5cu1Xjc09NT9VFj8eLFGqc0OTk5\nMR1W3VcyvX79enFxMS0nJyezTIqaO3cuHUvd2trKvA3SX1lZGS34+fmxX9nc3EwLrq6uXD9F1eDB\ng5kbGpCgYMcQSACGEIvFw4cP13ZWIpHQgkgkiouL03YZMwiw+5iFM2ddMZEhAAAFcklEQVTO0IK3\ntzf7WAOhUDh69Gha7j6oXaempiZaCAoKYr+SGV+elpbW0tLC9YMYqk9XTBwCEAQSgGGeeeYZlrNM\nB52vry/LyGZmyTgmFRjMQAP29zrUU089RQt0jhQnzPp+OlemYJ7nbt++/fLLL+/cufOXX37h+nGE\nENWRF8YMDgT7g0ENAIZg//p2dnamBfbHDpHoyf8Bu6/6+vPPP9PC2bNndU4gbW9vpwUDesA6Ojr0\nvHLmzJnfffcdHb9eVVX12WefffbZZ/3793/66adHjBgRHR09aNAgrp+O5W5BFQIJwIwMnvjJvLDp\n7Ozs7Ow0XYvUMdmpk0AgSE9PX79+ver+EdXV1SdOnKCLLwwYMOCNN9547bXX2O+jutS3Qy0YCDoh\nkAB4LSAgICwsTM+LhwwZwvX+TO+iPk9X7u7uKSkpiYmJGRkZ//jHP27fvq36iFNSUrJ27dq//e1v\nO3fu9PT01HYT1Q/SOZICHAoCCYCPxGIxXSZuxIgRmzZtMusH0QIzqE+n4ODgd955hxAil8svXbp0\n7dq18+fPM9WvXbv23nvv7dy5U1t15uGPEOLv729gu8EeYVADAB8xS5T+85//NOsHMQvI0u0nOHFy\ncoqNjV2yZMmRI0f+9re/Me+Qzp8/f//+fW21mNdjffr0wVp2oAp/DWD/bPFbj+l8KywsrK+vN98H\nBQQE0IJCoSgvLzf4PsOGDdu2bRvzo8a1+6ja2lpa0Ll0Hjga2/s/KgBXffr0oQUDRkVby4svvkgL\nCoWCWbPHHEaNGsWMLDByLZ/AwEBmiATLQIwrV67QAvvSeeCAEEhg/4KDg2nh/v37qkO8+CwkJISZ\n97Nz586ioiKdVQz71ZycnJhh5ezLb+u8f2NjIzPGgXk1paaqqqqxsZGW8YQEahBIYP9CQ0NpoaOj\ng1k8m/8++OADuqiBQqH43e9+d+TIEW1X1tfX79mzx+B1Y2NjY2khNzeX/bJdu3YxHW5qFArF2rVr\naSAJhcLua8VSzFrgffv2ZdnKDxwTRtmB/QsJCRk6dCgdBrZ169Zdu3b96le/YtYqjYmJkUqlVm2g\nZoGBgZ9//nlSUlJnZ2dzc/PKlSt37twZGxsbHh7u5ubW1dXV1NR0/fr127dvFxYWGjPDND4+/uOP\nPyaE3Lt3r6KiQtvIt+rq6pSUlM8//zwqKioiImLYsGH0MUgul9+8efPEiRPMKyipVKptH1tm5fWJ\nEyca3GCwVwgkcAgfffSRVCqlA8na2tpUHwU8PDys1y4dYmNj09LS6B4WhJDS0tLS0lKTf4qvr29M\nTAztrzt58uSCBQtYLlYoFHl5eXl5edoumDJlCh0U3t3jx4+Z5V+nTZtmRJPBPqHLDhxCSEjIyZMn\nly5dOm7cOLFYzKzZw3/PPPPM6dOnFy9erO2ZgxAyePDgP/zhDz/88IPBnzJv3jxaOHr0qLZr1q9f\n/+KLL7JsPDFs2LCtW7eq7gev5vvvv6dPciNHjmT2dwdg9Ojq6rJ2GwBALzdv3iwvL5fJZJWVlZ6e\nnv7+/h4eHtHR0Rq3SuIqPj6ebse+f/9+9uEG5eXl9+7da2pqKikpaWlpCQkJ8fLyCg8PZ9aK1WbS\npEl00dg9e/Zgr1joDoEEAIQQcvLkybfffpsQMmbMmF27dpn8/rm5uW+88QYhJDIy8tChQya/P9gB\ndNkBACGExMfHDx06lBDy97//ndlG1oT+/Oc/08KKFStMfnOwDwgkAHji/fffp4XPPvvMtHe+cuUK\n3bD8pZde0rmbBjgsBBIAPBEVFTV9+vQ+ffoUFRVdv37dhHf+8ssv+/Tp07dv31WrVpnwtmBn8A4J\nAAB4AU9IAADACwgkAADghf8H+zAk2m5DdrwAAAAASUVORK5CYII=\n",
      "text/plain": [
       "<IPython.core.display.Image object>"
      ]
     },
     "metadata": {},
     "output_type": "display_data"
    }
   ],
   "source": [
    "t_linear=linspace(0,10,100);\n",
    "plot(t_linear,t_linear.^2)\n",
    "xlabel('time (s)')\n",
    "ylabel('displacement (m)')"
   ]
  },
  {
   "cell_type": "markdown",
   "metadata": {},
   "source": [
    "#EOL"
   ]
  },
  {
   "cell_type": "markdown",
   "metadata": {},
   "source": [
    "## Graphics can be produced with a number of functions"
   ]
  },
  {
   "cell_type": "markdown",
   "metadata": {},
   "source": [
    "2-D plots, 3-D plots, contour plots, 3D contour plots ... "
   ]
  },
  {
   "cell_type": "code",
   "execution_count": 76,
   "metadata": {
    "collapsed": false
   },
   "outputs": [
    {
     "name": "stdout",
     "output_type": "stream",
     "text": [
      "Z =\n",
      "\n",
      "  Columns 1 through 7\n",
      "\n",
      "         0    0.1710    0.2880    0.3570    0.3840    0.3750    0.3360\n",
      "   -0.1710         0    0.1224    0.2016    0.2430    0.2520    0.2340\n",
      "   -0.2880   -0.1224         0    0.0840    0.1344    0.1560    0.1536\n",
      "   -0.3570   -0.2016   -0.0840         0    0.0546    0.0840    0.0924\n",
      "   -0.3840   -0.2430   -0.1344   -0.0546         0    0.0330    0.0480\n",
      "   -0.3750   -0.2520   -0.1560   -0.0840   -0.0330         0    0.0180\n",
      "   -0.3360   -0.2340   -0.1536   -0.0924   -0.0480   -0.0180         0\n",
      "   -0.2730   -0.1944   -0.1320   -0.0840   -0.0486   -0.0240   -0.0084\n",
      "   -0.1920   -0.1386   -0.0960   -0.0630   -0.0384   -0.0210   -0.0096\n",
      "   -0.0990   -0.0720   -0.0504   -0.0336   -0.0210   -0.0120   -0.0060\n",
      "         0         0         0         0         0         0         0\n",
      "    0.0990    0.0720    0.0504    0.0336    0.0210    0.0120    0.0060\n",
      "    0.1920    0.1386    0.0960    0.0630    0.0384    0.0210    0.0096\n",
      "    0.2730    0.1944    0.1320    0.0840    0.0486    0.0240    0.0084\n",
      "    0.3360    0.2340    0.1536    0.0924    0.0480    0.0180    0.0000\n",
      "    0.3750    0.2520    0.1560    0.0840    0.0330         0   -0.0180\n",
      "    0.3840    0.2430    0.1344    0.0546   -0.0000   -0.0330   -0.0480\n",
      "    0.3570    0.2016    0.0840         0   -0.0546   -0.0840   -0.0924\n",
      "    0.2880    0.1224         0   -0.0840   -0.1344   -0.1560   -0.1536\n",
      "    0.1710    0.0000   -0.1224   -0.2016   -0.2430   -0.2520   -0.2340\n",
      "         0   -0.1710   -0.2880   -0.3570   -0.3840   -0.3750   -0.3360\n",
      "\n",
      "  Columns 8 through 14\n",
      "\n",
      "    0.2730    0.1920    0.0990         0   -0.0990   -0.1920   -0.2730\n",
      "    0.1944    0.1386    0.0720         0   -0.0720   -0.1386   -0.1944\n",
      "    0.1320    0.0960    0.0504         0   -0.0504   -0.0960   -0.1320\n",
      "    0.0840    0.0630    0.0336         0   -0.0336   -0.0630   -0.0840\n",
      "    0.0486    0.0384    0.0210         0   -0.0210   -0.0384   -0.0486\n",
      "    0.0240    0.0210    0.0120         0   -0.0120   -0.0210   -0.0240\n",
      "    0.0084    0.0096    0.0060         0   -0.0060   -0.0096   -0.0084\n",
      "         0    0.0030    0.0024         0   -0.0024   -0.0030         0\n",
      "   -0.0030         0    0.0006         0   -0.0006         0    0.0030\n",
      "   -0.0024   -0.0006         0         0    0.0000    0.0006    0.0024\n",
      "         0         0         0         0         0         0         0\n",
      "    0.0024    0.0006   -0.0000         0         0   -0.0006   -0.0024\n",
      "    0.0030         0   -0.0006         0    0.0006         0   -0.0030\n",
      "         0   -0.0030   -0.0024         0    0.0024    0.0030         0\n",
      "   -0.0084   -0.0096   -0.0060         0    0.0060    0.0096    0.0084\n",
      "   -0.0240   -0.0210   -0.0120         0    0.0120    0.0210    0.0240\n",
      "   -0.0486   -0.0384   -0.0210         0    0.0210    0.0384    0.0486\n",
      "   -0.0840   -0.0630   -0.0336         0    0.0336    0.0630    0.0840\n",
      "   -0.1320   -0.0960   -0.0504         0    0.0504    0.0960    0.1320\n",
      "   -0.1944   -0.1386   -0.0720         0    0.0720    0.1386    0.1944\n",
      "   -0.2730   -0.1920   -0.0990         0    0.0990    0.1920    0.2730\n",
      "\n",
      "  Columns 15 through 21\n",
      "\n",
      "   -0.3360   -0.3750   -0.3840   -0.3570   -0.2880   -0.1710         0\n",
      "   -0.2340   -0.2520   -0.2430   -0.2016   -0.1224   -0.0000    0.1710\n",
      "   -0.1536   -0.1560   -0.1344   -0.0840         0    0.1224    0.2880\n",
      "   -0.0924   -0.0840   -0.0546         0    0.0840    0.2016    0.3570\n",
      "   -0.0480   -0.0330    0.0000    0.0546    0.1344    0.2430    0.3840\n",
      "   -0.0180         0    0.0330    0.0840    0.1560    0.2520    0.3750\n",
      "   -0.0000    0.0180    0.0480    0.0924    0.1536    0.2340    0.3360\n",
      "    0.0084    0.0240    0.0486    0.0840    0.1320    0.1944    0.2730\n",
      "    0.0096    0.0210    0.0384    0.0630    0.0960    0.1386    0.1920\n",
      "    0.0060    0.0120    0.0210    0.0336    0.0504    0.0720    0.0990\n",
      "         0         0         0         0         0         0         0\n",
      "   -0.0060   -0.0120   -0.0210   -0.0336   -0.0504   -0.0720   -0.0990\n",
      "   -0.0096   -0.0210   -0.0384   -0.0630   -0.0960   -0.1386   -0.1920\n",
      "   -0.0084   -0.0240   -0.0486   -0.0840   -0.1320   -0.1944   -0.2730\n",
      "         0   -0.0180   -0.0480   -0.0924   -0.1536   -0.2340   -0.3360\n",
      "    0.0180         0   -0.0330   -0.0840   -0.1560   -0.2520   -0.3750\n",
      "    0.0480    0.0330         0   -0.0546   -0.1344   -0.2430   -0.3840\n",
      "    0.0924    0.0840    0.0546         0   -0.0840   -0.2016   -0.3570\n",
      "    0.1536    0.1560    0.1344    0.0840         0   -0.1224   -0.2880\n",
      "    0.2340    0.2520    0.2430    0.2016    0.1224         0   -0.1710\n",
      "    0.3360    0.3750    0.3840    0.3570    0.2880    0.1710         0\n"
     ]
    }
   ],
   "source": [
    "x=linspace(-1,1,21); y=linspace(-1,1,21);\n",
    "[X,Y]=meshgrid(x,y);\n",
    "Z=(X.*Y.^3-X.^3.*Y)"
   ]
  },
  {
   "cell_type": "code",
   "execution_count": 77,
   "metadata": {
    "collapsed": false
   },
   "outputs": [
    {
     "name": "stdout",
     "output_type": "stream",
     "text": [
      "MESHGRID   Cartesian grid in 2-D/3-D space\n",
      "    [X,Y] = MESHGRID(xgv,ygv) replicates the grid vectors xgv and ygv to \n",
      "    produce the coordinates of a rectangular grid (X, Y). The grid vector\n",
      "    xgv is replicated numel(ygv) times to form the columns of X. The grid \n",
      "    vector ygv is replicated numel(xgv) times to form the rows of Y.\n",
      " \n",
      "    [X,Y,Z] = MESHGRID(xgv,ygv,zgv) replicates the grid vectors xgv, ygv, zgv \n",
      "    to produce the coordinates of a 3D rectangular grid (X, Y, Z). The grid \n",
      "    vectors xgv,ygv,zgv form the columns of X, rows of Y, and pages of Z \n",
      "    respectively. (X,Y,Z) are of size numel(ygv)-by-numel(xgv)-by(numel(zgv).\n",
      " \n",
      "    [X,Y] = MESHGRID(gv) is equivalent to [X,Y] = MESHGRID(gv,gv).\n",
      "    [X,Y,Z] = MESHGRID(gv) is equivalent to [X,Y,Z] = MESHGRID(gv,gv,gv).\n",
      " \n",
      "    The coordinate arrays are typically used for the evaluation of functions \n",
      "    of two or three variables and for surface and volumetric plots.\n",
      " \n",
      "    MESHGRID and NDGRID are similar, though MESHGRID is restricted to 2-D \n",
      "    and 3-D while NDGRID supports 1-D to N-D. In 2-D and 3-D the coordinates \n",
      "    output by each function are the same, the difference is the shape of the \n",
      "    output arrays. For grid vectors xgv, ygv and zgv of length M, N and P \n",
      "    respectively, NDGRID(xgv, ygv) will output arrays of size M-by-N while \n",
      "    MESHGRID(xgv, ygv) outputs arrays of size N-by-M. Similarly, \n",
      "    NDGRID(xgv, ygv, zgv) will output arrays of size M-by-N-by-P while \n",
      "    MESHGRID(xgv, ygv, zgv) outputs arrays of size N-by-M-by-P. \n",
      " \n",
      "    Example: Evaluate the function  x*exp(-x^2-y^2) \n",
      "             over the range  -2 < x < 2,  -4 < y < 4,\n",
      " \n",
      "        [X,Y] = meshgrid(-2:.2:2, -4:.4:4);\n",
      "        Z = X .* exp(-X.^2 - Y.^2);\n",
      "        surf(X,Y,Z)\n",
      " \n",
      " \n",
      "    Class support for inputs xgv,ygv,zgv:\n",
      "       float: double, single\n",
      "       integer: uint8, int8, uint16, int16, uint32, int32, uint64, int64\n",
      " \n",
      "    See also SURF, SLICE, NDGRID.\n",
      "\n",
      "    Reference page in Doc Center\n",
      "       doc meshgrid\n",
      "\n",
      "    Other functions named meshgrid\n",
      "\n",
      "       codistributed/meshgrid    gpuArray/meshgrid\n"
     ]
    }
   ],
   "source": [
    "help meshgrid"
   ]
  },
  {
   "cell_type": "code",
   "execution_count": 79,
   "metadata": {
    "collapsed": false
   },
   "outputs": [
    {
     "name": "stdout",
     "output_type": "stream",
     "text": [
      "Y =\n",
      "\n",
      "  Columns 1 through 7\n",
      "\n",
      "   -1.0000   -1.0000   -1.0000   -1.0000   -1.0000   -1.0000   -1.0000\n",
      "   -0.9000   -0.9000   -0.9000   -0.9000   -0.9000   -0.9000   -0.9000\n",
      "   -0.8000   -0.8000   -0.8000   -0.8000   -0.8000   -0.8000   -0.8000\n",
      "   -0.7000   -0.7000   -0.7000   -0.7000   -0.7000   -0.7000   -0.7000\n",
      "   -0.6000   -0.6000   -0.6000   -0.6000   -0.6000   -0.6000   -0.6000\n",
      "   -0.5000   -0.5000   -0.5000   -0.5000   -0.5000   -0.5000   -0.5000\n",
      "   -0.4000   -0.4000   -0.4000   -0.4000   -0.4000   -0.4000   -0.4000\n",
      "   -0.3000   -0.3000   -0.3000   -0.3000   -0.3000   -0.3000   -0.3000\n",
      "   -0.2000   -0.2000   -0.2000   -0.2000   -0.2000   -0.2000   -0.2000\n",
      "   -0.1000   -0.1000   -0.1000   -0.1000   -0.1000   -0.1000   -0.1000\n",
      "         0         0         0         0         0         0         0\n",
      "    0.1000    0.1000    0.1000    0.1000    0.1000    0.1000    0.1000\n",
      "    0.2000    0.2000    0.2000    0.2000    0.2000    0.2000    0.2000\n",
      "    0.3000    0.3000    0.3000    0.3000    0.3000    0.3000    0.3000\n",
      "    0.4000    0.4000    0.4000    0.4000    0.4000    0.4000    0.4000\n",
      "    0.5000    0.5000    0.5000    0.5000    0.5000    0.5000    0.5000\n",
      "    0.6000    0.6000    0.6000    0.6000    0.6000    0.6000    0.6000\n",
      "    0.7000    0.7000    0.7000    0.7000    0.7000    0.7000    0.7000\n",
      "    0.8000    0.8000    0.8000    0.8000    0.8000    0.8000    0.8000\n",
      "    0.9000    0.9000    0.9000    0.9000    0.9000    0.9000    0.9000\n",
      "    1.0000    1.0000    1.0000    1.0000    1.0000    1.0000    1.0000\n",
      "\n",
      "  Columns 8 through 14\n",
      "\n",
      "   -1.0000   -1.0000   -1.0000   -1.0000   -1.0000   -1.0000   -1.0000\n",
      "   -0.9000   -0.9000   -0.9000   -0.9000   -0.9000   -0.9000   -0.9000\n",
      "   -0.8000   -0.8000   -0.8000   -0.8000   -0.8000   -0.8000   -0.8000\n",
      "   -0.7000   -0.7000   -0.7000   -0.7000   -0.7000   -0.7000   -0.7000\n",
      "   -0.6000   -0.6000   -0.6000   -0.6000   -0.6000   -0.6000   -0.6000\n",
      "   -0.5000   -0.5000   -0.5000   -0.5000   -0.5000   -0.5000   -0.5000\n",
      "   -0.4000   -0.4000   -0.4000   -0.4000   -0.4000   -0.4000   -0.4000\n",
      "   -0.3000   -0.3000   -0.3000   -0.3000   -0.3000   -0.3000   -0.3000\n",
